{
    "deviceCalibrations": [
        {
            "source": 0,
            "date": "01:25PM on April 06, 2019",
            "baseline": 0.060949218136561616,
            "cameras": [
                {
                    "distCoeffs": [
                        -0.40910038099998286,
                        0.2004731586483204,
                        -0.0008142308135388564,
                        0.0011885787732914231,
                        -0.05413484656790457
                    ],
                    "cameraMatrix": [
                        422.88239110206223,
                        0.0,
                        353.000421837146,
                        0.0,
                        423.44338298274454,
                        244.1770717773784,
                        0.0,
                        0.0,
                        1.0
                    ],
                    "rectificationMatrix": [
                        0.999978026003342,
                        -0.00170602132991202,
                        0.006406012931724971,
                        0.0017008218966036992,
                        0.9999982198490046,
                        0.0008170089950208446,
                        -0.006407395362826885,
                        -0.0008060955550037504,
                        0.9999791475298975
                    ],
                    "newCameraMatrix": [
                        422.42791706635853,
                        0.0,
                        344.2666435241699,
                        0.0,
                        0.0,
                        422.42791706635853,
                        174.5180435180664,
                        0.0,
                        0.0,
                        0.0,
                        1.0,
                        0.0
                    ]
                },
                {
                    "distCoeffs": [
                        -0.3907718080917959,
                        0.1594221544088575,
                        -0.0006177673811963295,
                        -1.6657473422217695e-05,
                        -0.031138942155035244
                    ],
                    "cameraMatrix": [
                        420.62501691550995,
                        0.0,
                        358.2746388871385,
                        0.0,
                        421.4124511499726,
                        262.4973276729092,
                        0.0,
                        0.0,
                        1.0
                    ],
                    "rectificationMatrix": [
                        0.9999902536524619,
                        0.002374432387713138,
                        0.003722186309289845,
                        -0.0023714171472920217,
                        0.9999968566621775,
                        -0.0008142766594143555,
                        -0.0037241080540734856,
                        0.0008054418667517388,
                        0.9999927411149546
                    ],
                    "newCameraMatrix": [
                        422.42791706635853,
                        0.0,
                        344.2666435241699,
                        -25.74690220250774,
                        0.0,
                        422.42791706635853,
                        174.5180435180664,
                        0.0,
                        0.0,
                        0.0,
                        1.0,
                        0.0
                    ]
                }
            ]
        },
        {
            "source": 1,
            "date": "01:25PM on April 06, 2019",
            "baseline": 0.061308282132276,
            "cameras": [
                {
                    "distCoeffs": [
                        -0.410388198647962,
                        0.20422599311476042,
                        -0.0005862090412331322,
                        -0.00025664110219399377,
                        -0.056842083736786904
                    ],
                    "cameraMatrix": [
                        424.17797546105294,
                        0.0,
                        340.207439199094,
                        0.0,
                        425.38154520078837,
                        242.44340761345074,
                        0.0,
                        0.0,
                        1.0
                    ],
                    "rectificationMatrix": [
                        0.9999627239406474,
                        0.0023866013928271344,
                        -0.008297883042806358,
                        -0.002373642134015696,
                        0.9999959484860909,
                        0.0015712525014531153,
                        0.008301599377226247,
                        -0.0015514977265380621,
                        0.9999643375153858
                    ],
                    "newCameraMatrix": [
                        425.4134220847458,
                        0.0,
                        400.0809266716242,
                        0.0,
                        0.0,
                        425.4134220847458,
                        264.23323971033096,
                        0.0,
                        0.0,
                        0.0,
                        1.0,
                        0.0
                    ]
                },
                {
                    "distCoeffs": [
                        -0.4009626684291506,
                        0.17763296022479133,
                        -0.0002943334722783736,
                        -0.001118053790750099,
                        -0.04004520213157318
                    ],
                    "cameraMatrix": [
                        424.0652089050168,
                        0.0,
                        341.44953848194075,
                        0.0,
                        425.4452989687032,
                        255.31999045717984,
                        0.0,
                        0.0,
                        1.0
                    ],
                    "rectificationMatrix": [
                        0.9999616665938914,
                        0.008161898882274098,
                        0.003169976246386131,
                        -0.008156896350264446,
                        0.999965471317471,
                        -0.0015878333537785714,
                        -0.003182826526558134,
                        0.001561915319043228,
                        0.9999937149981684
                    ],
                    "newCameraMatrix": [
                        425.4134220847458,
                        0.0,
                        400.0809266716242,
                        -26.082365929954076,
                        0.0,
                        425.4134220847458,
                        264.23323971033096,
                        0.0,
                        0.0,
                        0.0,
                        1.0,
                        0.0
                    ]
                }
            ]
        }
    ]
}