{
    "deviceCalibrations": [
        {
            "source": 0,
            "date": "08:45PM on April 10, 2019",
            "baseline": 0.06025395856603418,
            "cameras": [
                {
                    "distCoeffs": [
                        -0.38820092051524735,
                        0.1573293416411581,
                        0.0003438411454467522,
                        0.0018742214835089062,
                        -0.0300124073496364
                    ],
                    "cameraMatrix": [
                        422.1181919361738,
                        0.0,
                        350.142113672312,
                        0.0,
                        423.17084274565957,
                        242.0950754118639,
                        0.0,
                        0.0,
                        1.0
                    ],
                    "rectificationMatrix": [
                        0.9999696373050725,
                        -0.007297454542253576,
                        -0.0027334273660380264,
                        0.007306600951867332,
                        0.9999676909080546,
                        0.003351227020583073,
                        0.002708883624638456,
                        -0.0033710973312939697,
                        0.9999906487824229
                    ],
                    "newCameraMatrix": [
                        422.4767279901521,
                        0.0,
                        329.25774228572845,
                        0.0,
                        0.0,
                        422.4767279901521,
                        218.70544496178627,
                        0.0,
                        0.0,
                        0.0,
                        1.0,
                        0.0
                    ]
                },
                {
                    "distCoeffs": [
                        -0.3744909151749893,
                        0.13876416588786286,
                        0.0008957386297446207,
                        0.002178464832163964,
                        -0.02319983557887621
                    ],
                    "cameraMatrix": [
                        419.78267302974945,
                        0.0,
                        350.5912433138086,
                        0.0,
                        421.78261323464454,
                        257.7743280453348,
                        0.0,
                        0.0,
                        1.0
                    ],
                    "rectificationMatrix": [
                        0.9997575752587856,
                        -0.004607939853625021,
                        -0.021530387896617684,
                        0.004537093678373086,
                        0.9999841354385491,
                        -0.0033382109236918672,
                        0.021545428601610926,
                        0.003239716271953907,
                        0.9997626211980774
                    ],
                    "newCameraMatrix": [
                        422.4767279901521,
                        0.0,
                        329.25774228572845,
                        -25.46206789865343,
                        0.0,
                        422.4767279901521,
                        218.70544496178627,
                        0.0,
                        0.0,
                        0.0,
                        1.0,
                        0.0
                    ]
                }
            ]
        },
        {
            "source": 1,
            "date": "08:45PM on April 10, 2019",
            "baseline": 0.0612094623391356,
            "cameras": [
                {
                    "distCoeffs": [
                        -0.41135286221403033,
                        0.2065654596077578,
                        -0.0004294797938389646,
                        -2.261504047547231e-05,
                        -0.05917601275635147
                    ],
                    "cameraMatrix": [
                        423.5684821473126,
                        0.0,
                        341.36145795579444,
                        0.0,
                        424.8727686825908,
                        242.83500060898945,
                        0.0,
                        0.0,
                        1.0
                    ],
                    "rectificationMatrix": [
                        0.9999700123484256,
                        -0.0004029004683205406,
                        -0.00773382667905577,
                        0.0004145819916899418,
                        0.9999987756679489,
                        0.001508901711575722,
                        0.007733209273077655,
                        -0.0015120627684248942,
                        0.9999689550883684
                    ],
                    "newCameraMatrix": [
                        425.2352042341478,
                        0.0,
                        267.58670234680176,
                        0.0,
                        0.0,
                        425.2352042341478,
                        216.00566482543945,
                        0.0,
                        0.0,
                        0.0,
                        1.0,
                        0.0
                    ]
                },
                {
                    "distCoeffs": [
                        -0.4143497548765207,
                        0.21401054801306707,
                        -0.00028616152409334506,
                        -0.0008925285453926854,
                        -0.06564105681446415
                    ],
                    "cameraMatrix": [
                        424.28994444796757,
                        0.0,
                        342.4659062504395,
                        0.0,
                        425.5976397857047,
                        255.63965965817695,
                        0.0,
                        0.0,
                        1.0
                    ],
                    "rectificationMatrix": [
                        0.9999831153893912,
                        0.005465413652558834,
                        0.001974383380623438,
                        -0.005462410691179247,
                        0.9999839208885628,
                        -0.0015231657090778448,
                        -0.0019826763649545367,
                        0.0015123550981311793,
                        0.9999968908834113
                    ],
                    "newCameraMatrix": [
                        425.2352042341478,
                        0.0,
                        267.58670234680176,
                        -26.028857705971653,
                        0.0,
                        425.2352042341478,
                        216.00566482543945,
                        0.0,
                        0.0,
                        0.0,
                        1.0,
                        0.0
                    ]
                }
            ]
        }
    ]
}